5
13
14
15
16
21
21
44
50
50
50
60
62
64
77
82
84
86
87
94
99
101
102
105
112
119
123
129
130
132
137
138
140
141
141
142
144
146
147
147
147
149
149
159
163
173
174
175
178
181
184
188
190
194
196
201
201
203
215
217
218
219
224
235
237
238
241
243
244
248
248
251
251
252
254
258
259
259
260
262
263
267
273
285
285
286
291
297
299
302
303
305
307
308
314
315
315
316
318
318
328
329
330
338
338
339
345
345
346
350
352
362
363
366
376
377
379
384
385
393
393
394
399
402
405
408
409
409
410
413
416
417
420
421
422
423
424
427
440
440
443
447
449
454
460
463
465
468
469
469
469
470
471
471
471
473
477
481
483
484
485
486
487
495
498
498
502
506
511
522
527
527
528
530
531
535
542
545
547
551
553
556
561
565
567
567
569
570
571
575
583
587
592
612
613
618
618
620
623
626
630
633
638
639
642
645
646
646
646
656
662
671
672
673
675
677
684
684
690
692
692
697
699
706
712
720
721
723
732
735
735
738
755
762
765
771
774
781
788
789
794
798
802
805
820
823
823
828
834
835
837
837
839
853
854
857
860
872
881
882
882
883
886
891
895
896
896
903
904
904
906
932
934
936
941
941
942
942
945
947
950
953
953
954
955
957
958
961
967
968
969
977
989
989
993
1001
1002
1002
1002
1014
1015
1016
1017
1018
1019
1022
1023
1023
1024
1025
1030
1030
1037
1038
1040
1041
1042
1051
1051
1055
1056
1056
1057
1059
1062
1071
1077
1078
1081
1085
1091
1097
1102
1109
1109
1113
1114
1115
1125
1127
1128
1130
1132
1135
1135
1136
1139
1141
1143
1145
1147
1157
1157
1161
1163
1165
1169
1173
1177
1181
1184
1185
1188
1196
1202
1203
1207
1212
1215
1216
1218
1219
1223
1224
1227
1230
1230
1232
1240
1243
1243
1245
1246
1247
1249
1251
1252
1255
1257
1257
1258
1260
1261
1264
1275
1276
1278
1280
1284
1284
1285
1289
1289
1293
1296
1296
1299
1300
1303
1304
1306
1308
1315
1317
1318
1320
1327
1329
1329
1331
1332
1332
1333
1336
1349
1351
1351
1351
1356
1359
1360
1367
1368
1370
1371
1372
1372
1374
1377
1378
1381
1382
1388
1391
1394
1396
1401
1405
1408
1409
1412
1413
1414
1419
1421
1425
1426
1427
1436
1438
1438
1448
1452
1453
1453
1459
1460
1466
1477
1485
1492
1501
1503
1503
1508
1518
1522
1525
1526
1531
1532
1543
1544
1546
1550
1556
1560
1563
1563
1567
1569
1573
1575
1581
1582
1583
1584
1588
1596
1597
1599
1602
1606
1619
1622
1626
1630
1631
1640
1641
1646
1647
1652
1659
1665
1671
1675
1683
1688
1688
1693
1693
1697
1703
1707
1709
1714
1714
1719
1719
1720
1728
1729
1736
1739
1743
1744
1745
1758
1759
1760
1763
1765
1772
1774
1775
1780
1796
1797
1802
1803
1804
1805
1809
1810
1812
1815
1824
1829
1832
1837
1839
1844
1845
1846
1848
1849
1849
1850
1850
1851
1855
1855
1858
1860
1861
1864
1867
1868
1870
1871
1871
1872
1874
1877
1877
1878
1887
1889
1894
1898
1899
1904
1905
1908
1910
1912
1913
1919
1922
1931
1931
1935
1938
1943
1944
1953
1956
1959
1959
1960
1962
1975
1978
1978
1980
1983
1987
1987
1988
1990
1991
1991
1994
1999
2002
2007
2007
2008
2008
2010
2014
2020
2021
2022
2026
2029
2029
2030
2033
2035
2051
2053
2063
2065
2080
2082
2088
2092
2099
2099
2101
2108
2109
2111
2116
2120
2122
2123
2126
2135
2136
2136
2143
2144
2147
2148
2151
2153
2154
2163
2164
2166
2169
2177
2182
2187
2190
2190
2193
2196
2196
2198
2200
2201
2202
2204
2218
2219
2224
2226
2227
2231
2237
2241
2242
2245
2247
2252
2253
2253
2256
2258
2260
2267
2268
2269
2273
2275
2276
2278
2279
2282
2290
2290
2291
2294
2300
2301
2303
2310
2311
2313
2314
2323
2333
2338
2344
2347
2349
2354
2355
2357
2362
2363
2364
2369
2372
2373
2376
2377
2378
2379
2381
2382
2383
2383
2399
2405
2408
2409
2412
2413
2414
2415
2416
2418
2432
2437
2441
2442
2447
2449
2452
2455
2456
2456
2457
2464
2466
2466
2466
2468
2468
2470
2471
2476
2483
2484
2485
2486
2496
2500
2503
2514
2522
2532
2548
2552
2558
2561
2571
2578
2579
2579
2580
2582
2582
2584
2585
2588
2597
2606
2607
2611
2623
2625
2635
2642
2643
2646
2651
2654
2657
2657
2659
2660
2666
2672
2675
2676
2676
2680
2680
2690
2702
2710
2711
2714
2715
2724
2725
2730
2733
2734
2734
2741
2747
2759
2760
2764
2764
2765
2768
2769
2775
2776
2779
2787
2790
2792
2795
2795
2796
2797
2799
2802
2810
2810
2811
2812
2813
2814
2818
2818
2819
2820
2820
2821
2821
2823
2832
2834
2837
2838
2841
2843
2843
2843
2847
2847
2861
2863
2865
2875
2876
2878
2879
2880
2880
2882
2885
2886
2886
2887
2897
2898
2908
2913
2918
2919
2922
2924
2927
2930
2930
2931
2931
2933
2935
2937
2939
2941
2944
2945
2946
2958
2963
2970
2972
2973
2981
2988
2990
2998
3000
3001
3003
3003
3010
3012
3013
3015
3015
3026
3029
3039
3042
3046
3046
3049
3060
3064
3064
3064
3067
3072
3074
3076
3077
3078
3078
3080
3090
3093
3103
3104
3104
3104
3107
3115
3115
3115
3121
3122
3123
3126
3126
3127
3130
3132
3140
3147
3148
3158
3160
3161
3161
3167
3170
3175
3176
3179
3194
3195
3197
3198
3199
3201
3203
3207
3208
3208
3210
3214
3214
3216
3219
3219
3224
3226
3231
3234
3236
3238
3239
3241
3252
3265
3266
3268
3269
3272
3275
3276
3284
3287
3290
3290
3298
3303
3303
3304
3304
3304
3305
3305
3310
3312
3313
3317
3319
3320
3325
3333
3334
3340
3340
3342
3346
3353
3356
3359
3366
3366
3370
3371
3371
3372
3376
3376
3378
3379
3380
3381
3381
3382
3382
3384
3390
3390
3424
3425
3426
3430
3430
3435
3439
3442
3448
3448
3455
3460
3466
3474
3475
3480
3481
3490
3495
3498
3501
3501
3502
3503
3518
3519
3520
3524
3525
3529
3530
3537
3538
3542
3546
3550
3552
3554
3557
3560
3563
3564
3571
3571
3572
3576
3580
3580
3586
3587
3590
3594
3600
3601
3602
3603
3604
3609
3612
3614
3615
3616
3616
3616
3616
3617
3620
3621
3627
3628
3634
3635
3635
3635
3637
3638
3639
3641
3645
3648
3655
3657
3663
3663
3671
3671
3671
3678
3679
3691
3691
3698
3698
3713
3719
3720
3722
3723
3725
3726
3726
3726
3728
3732
3737
3738
3741
3741
3744
3745
3746
3752
3756
3759
3762
3769
3774
3777
3778
3781
3785
3794
3795
3798
3803
3804
3807
3809
3809
3813
3814
3828
3838
3838
3838
3838
3846
3849
3852
3856
3857
3859
3865
3867
3868
3871
3880
3889
3890
3891
3892
3892
3896
3902
3911
3913
3914
3914
3914
3916
3919
3920
3921
3923
3926
3931
3936
3939
3941
3945
3945
3949
3958
3959
3966
3967
3972
3986
3986
3991
3992
3994
3995
3999
4000
4001
4003
4013
4020
4024
4031
4032
4036
4041
4046
4056
4058
4060
4062
4063
4066
4077
4081
4085
4086
4087
4088
4090
4095
4099
4101
4112
4113
4116
4139
4144
4144
4145
4146
4153
4154
4154
4159
4166
4168
4174
4176
4177
4177
4178
4178
4182
4191
4191
4194
4195
4198
4203
4205
4206
4207
4209
4217
4221
4222
4228
4231
4232
4241
4242
4245
4247
4248
4249
4249
4256
4257
4261
4264
4276
4276
4278
4280
4285
4286
4288
4292
4296
4304
4308
4317
4317
4319
4320
4324
4327
4330
4333
4345
4349
4353
4361
4362
4367
4369
4370
4370
4372
4377
4381
4383
4383
4383
4385
4388
4394
4397
4400
4403
4406
4408
4413
4413
4416
4419
4419
4424
4426
4431
4432
4435
4435
4437
4438
4451
4453
4454
4454
4456
4457
4461
4462
4463
4466
4468
4473
4473
4475
4476
4477
4481
4485
4493
4493
4496
4496
4499
4506
4511
4517
4523
4527
4531
4532
4533
4539
4541
4548
4551
4555
4558
4559
4564
4570
4575
4580
4581
4585
4591
4594
4594
4599
4604
4604
4605
4612
4615
4622
4623
4629
4633
4634
4635
4635
4635
4638
4640
4644
4645
4646
4647
4648
4652
4653
4655
4666
4670
4677
4678
4678
4690
4690
4692
4701
4703
4707
4707
4715
4724
4724
4731
4732
4734
4738
4740
4750
4753
4755
4761
4763
4763
4770
4771
4771
4776
4777
4783
4786
4789
4791
4792
4792
4802
4811
4812
4816
4817
4826
4828
4834
4837
4837
4841
4848
4852
4862
4864
4864
4865
4867
4870
4872
4878
4879
4882
4884
4886
4886
4895
4896
4908
4914
4923
4926
4931
4935
4938
4940
4957
4957
4971
4974
4975
4985
4985
4989
4992
4993
4995
5002
5003
5014
5018
5025
5033
5035
5036
5037
5038
5041
5048
5053
5053
5054
5055
5058
5058
5059
5059
5060
5064
5068
5069
5071
5076
5079
5080
5084
5088
5090
5096
5103
5103
5105
5110
5111
5114
5115
5117
5119
5124
5128
5128
5136
5136
5149
5164
5169
5174
5175
5176
5183
5187
5188
5198
5198
5200
5202
5202
5206
5208
5209
5212
5219
5229
5232
5236
5236
5237
5238
5239
5241
5245
5246
5249
5253
5254
5259
5259
5259
5263
5264
5276
5277
5282
5287
5290
5291
5292
5293
5307
5315
5315
5316
5322
5325
5325
5325
5325
5327
5330
5331
5335
5338
5339
5342
5343
5343
5345
5350
5358
5360
5360
5362
5363
5364
5364
5378
5379
5379
5381
5390
5392
5393
5399
5400
5403
5409
5413
5416
5418
5418
5421
5425
5427
5428
5439
5440
5441
5441
5441
5447
5451
5453
5464
5465
5466
5473
5474
5477
5478
5486
5489
5494
5508
5517
5520
5531
5532
5536
5536
5540
5543
5544
5547
5555
5559
5559
5560
5562
5563
5565
5566
5568
5572
5572
5576
5578
5578
5583
5584
5585
5591
5592
5596
5602
5602
5605
5605
5605
5609
5612
5617
5618
5620
5621
5628
5629
5634
5636
5636
5638
5639
5644
5652
5661
5666
5668
5672
5672
5679
5681
5693
5694
5701
5702
5710
5714
5718
5719
5731
5736
5739
5749
5750
5756
5758
5758
5761
5765
5769
5771
5771
5774
5775
5778
5779
5783
5783
5784
5784
5794
5798
5800
5803
5803
5803
5805
5813
5813
5814
5818
5823
5824
5830
5834
5838
5842
5845
5847
5847
5850
5851
5852
5856
5857
5867
5872
5875
5877
5880
5880
5883
5887
5888
5889
5891
5891
5893
5901
5904
5912
5913
5916
5917
5922
5927
5928
5928
5936
5938
5939
5940
5943
5954
5960
5966
5968
5972
5978
5991
5991
5992
5993
6000
6001
6003
6005
6006
6010
6011
6011
6011
6012
6012
6020
6025
6027
6030
6036
6036
6039
6042
6050
6051
6051
6060
6062
6064
6070
6071
6072
6073
6074
6078
6080
6080
6082
6084
6093
6094
6096
6097
6101
6102
6108
6111
6114
6116
6127
6127
6128
6129
6131
6136
6142
6142
6144
6144
6145
6147
6150
6150
6150
6151
6156
6156
6161
6162
6165
6174
6183
6186
6188
6191
6195
6196
6201
6202
6208
6210
6215
6217
6224
6240
6240
6242
6254
6254
6257
6260
6262
6263
6268
6271
6273
6280
6281
6281
6282
6287
6288
6289
6295
6295
6303
6304
6306
6307
6307
6310
6310
6311
6320
6328
6329
6336
6337
6340
6346
6348
6354
6354
6359
6360
6363
6363
6364
6364
6365
6374
6375
6382
6385
6386
6387
6391
6393
6397
6402
6413
6419
6422
6426
6428
6438
6439
6440
6441
6442
6443
6449
6452
6453
6454
6464
6469
6479
6480
6482
6486
6493
6494
6498
6506
6508
6515
6516
6520
6522
6523
6525
6535
6536
6538
6542
6547
6548
6549
6553
6554
6554
6556
6558
6560
6565
6571
6572
6578
6586
6589
6594
6598
6601
6605
6606
6606
6606
6607
6613
6613
6616
6622
6629
6635
6638
6638
6639
6640
6646
6654
6657
6657
6660
6661
6662
6662
6664
6665
6667
6671
6673
6678
6683
6688
6689
6693
6696
6698
6701
6705
6705
6713
6719
6722
6730
6732
6734
6738
6744
6744
6746
6746
6747
6748
6749
6750
6751
6761
6764
6765
6766
6769
6778
6780
6783
6785
6795
6796
6796
6796
6799
6803
6804
6808
6808
6810
6816
6818
6819
6820
6843
6843
6846
6846
6854
6857
6858
6859
6859
6860
6860
6861
6867
6872
6875
6875
6877
6891
6892
6893
6893
6896
6898
6900
6900
6905
6906
6909
6910
6911
6914
6921
6923
6924
6926
6932
6932
6934
6937
6937
6946
6951
6956
6959
6961
6968
6971
6972
6972
6975
6976
6979
6982
6983
6989
6990
6992
6995
6995
6997
6997
6998
7000
7001
7001
7003
7003
7007
7014
7016
7017
7025
7026
7026
7026
7029
7030
7031
7033
7037
7037
7046
7046
7047
7049
7054
7055
7060
7064
7070
7071
7082
7082
7089
7093
7093
7097
7099
7108
7112
7124
7132
7137
7151
7158
7161
7166
7168
7171
7173
7179
7189
7195
7206
7206
7210
7211
7214
7217
7219
7219
7223
7236
7238
7259
7260
7260
7269
7271
7273
7281
7282
7288
7288
7290
7292
7301
7301
7304
7305
7313
7314
7319
7320
7332
7337
7342
7348
7354
7359
7361
7365
7366
7369
7370
7371
7373
7376
7381
7382
7384
7385
7386
7390
7397
7402
7407
7409
7410
7421
7422
7423
7423
7425
7429
7436
7436
7439
7442
7444
7446
7454
7458
7459
7459
7462
7464
7469
7478
7484
7485
7490
7495
7502
7503
7505
7512
7513
7513
7514
7516
7519
7521
7523
7524
7525
7525
7533
7534
7538
7544
7545
7545
7552
7552
7553
7558
7568
7568
7570
7572
7572
7573
7576
7577
7577
7577
7578
7580
7587
7587
7588
7589
7595
7595
7596
7598
7604
7605
7605
7610
7611
7618
7621
7622
7624
7627
7632
7638
7644
7647
7648
7657
7660
7661
7662
7663
7667
7670
7675
7676
7676
7679
7680
7684
7686
7687
7687
7699
7705
7706
7706
7707
7708
7711
7713
7721
7728
7728
7728
7731
7734
7740
7742
7743
7744
7751
7754
7755
7763
7767
7773
7779
7779
7781
7783
7786
7787
7790
7799
7800
7803
7809
7825
7829
7829
7830
7833
7834
7836
7842
7844
7853
7855
7856
7856
7869
7877
7882
7882
7889
7891
7899
7903
7904
7906
7906
7907
7909
7914
7917
7924
7927
7928
7930
7930
7930
7931
7932
7933
7935
7938
7939
7943
7943
7966
7966
7967
7968
7969
7970
7971
7974
7977
7979
7980
7987
7990
7993
7994
7995
7998
8003
8006
8008
8008
8009
8013
8017
8021
8023
8032
8034
8047
8058
8065
8071
8074
8075
8079
8080
8086
8089
8092
8096
8105
8105
8109
8111
8112
8119
8122
8123
8126
8131
8131
8132
8132
8134
8134
8137
8141
8141
8144
8154
8155
8156
8160
8160
8160
8170
8174
8175
8177
8182
8183
8185
8185
8186
8186
8187
8188
8188
8189
8189
8191
8195
8201
8202
8203
8204
8205
8205
8206
8222
8226
8228
8233
8234
8241
8244
8246
8247
8249
8256
8259
8260
8263
8264
8266
8269
8270
8276
8277
8278
8295
8298
8302
8312
8318
8321
8325
8334
8338
8338
8339
8344
8351
8352
8354
8355
8357
8367
8368
8369
8369
8370
8370
8371
8372
8377
8382
8386
8390
8390
8393
8393
8400
8403
8406
8411
8412
8414
8414
8415
8424
8427
8431
8440
8441
8442
8446
8450
8450
8462
8462
8462
8468
8469
8497
8504
8507
8519
8522
8530
8530
8537
8537
8540
8540
8543
8546
8549
8549
8549
8558
8567
8570
8571
8573
8581
8584
8584
8585
8587
8596
8597
8603
8605
8606
8607
8608
8609
8614
8615
8623
8626
8632
8634
8636
8638
8638
8642
8647
8650
8651
8660
8661
8663
8663
8666
8667
8669
8675
8679
8682
8684
8693
8694
8699
8701
8704
8709
8712
8724
8736
8738
8744
8745
8753
8756
8758
8761
8762
8765
8771
8771
8776
8777
8780
8784
8790
8793
8795
8808
8811
8822
8826
8827
8831
8831
8831
8837
8838
8840
8843
8847
8853
8853
8858
8861
8863
8865
8865
8866
8867
8870
8872
8873
8883
8886
8886
8892
8899
8902
8906
8907
8907
8910
8912
8913
8913
8917
8919
8921
8922
8932
8933
8933
8933
8933
8937
8944
8945
8949
8949
8950
8952
8954
8956
8960
8964
8967
8969
8977
8986
8987
8987
8993
8996
9000
9004
9006
9006
9007
9009
9010
9011
9015
9017
9020
9033
9036
9043
9046
9047
9049
9049
9051
9052
9053
9054
9054
9057
9058
9058
9072
9078
9079
9081
9082
9088
9091
9092
9095
9103
9105
9108
9110
9112
9113
9115
9117
9124
9126
9146
9147
9153
9157
9161
9163
9163
9165
9175
9184
9186
9188
9191
9192
9199
9200
9206
9210
9216
9217
9217
9220
9220
9221
9224
9231
9236
9237
9239
9249
9250
9253
9254
9254
9260
9267
9268
9272
9275
9276
9277
9278
9279
9289
9297
9298
9299
9301
9312
9316
9319
9324
9326
9327
9334
9334
9335
9336
9336
9340
9341
9342
9352
9354
9355
9371
9371
9373
9375
9376
9378
9379
9383
9384
9387
9393
9394
9394
9397
9397
9400
9402
9403
9408
9414
9414
9418
9420
9424
9426
9426
9427
9429
9431
9433
9434
9438
9440
9441
9444
9449
9461
9463
9468
9469
9471
9476
9479
9491
9494
9495
9495
9497
9498
9500
9511
9513
9514
9522
9523
9523
9526
9527
9532
9535
9539
9540
9545
9546
9546
9548
9552
9553
9558
9559
9560
9565
9566
9567
9568
9573
9576
9578
9580
9586
9589
9592
9592
9594
9603
9603
9604
9605
9606
9606
9607
9619
9620
9621
9624
9627
9628
9635
9639
9639
9642
9643
9648
9652
9661
9663
9675
9676
9678
9680
9681
9681
9683
9683
9683
9685
9687
9688
9691
9692
9694
9698
9707
9707
9707
9712
9713
9726
9727
9727
9732
9734
9734
9745
9746
9747
9749
9751
9763
9768
9768
9772
9774
9775
9777
9780
9783
9786
9788
9788
9791
9812
9819
9831
9833
9834
9839
9848
9849
9859
9860
9865
9865
9866
9868
9869
9869
9877
9889
9890
9890
9892
9899
9902
9906
9910
9911
9913
9920
9923
9938
9939
9942
9947
9951
9951
9952
9955
9970
9970
9973
9979
9981
9981
9987
9993
9996
9996
10000
10002
10002
10004
10004
10008
10011
10018
10018
10030
10035
10041
10045
10051
10070
10072
10080
10082
10082
10082
10085
10087
10088
10088
10091
10091
10092
10094
10099
10099
10102
10104
10105
10106
10108
10111
10111
10119
10119
10122
10125
10126
10128
10130
10131
10131
10135
10137
10138
10141
10147
10149
10149
10157
10161
10163
10166
10170
10175
10178
10179
10181
10182
10182
10183
10183
10188
10192
10194
10198
10201
10204
10204
10205
10206
10206
10214
10215
10218
10218
10222
10223
10225
10227
10228
10232
10245
10246
10247
10253
10256
10259
10261
10268
10270
10270
10276
10285
10286
10291
10292
10292
10295
10299
10300
10301
10301
10306
10309
10310
10317
10318
10319
10321
10322
10323
10323
10332
10343
10367
10367
10371
10372
10376
10384
10386
10389
10393
10394
10394
10400
10403
10408
10412
10412
10416
10419
10432
10433
10434
10436
10439
10440
10451
10452
10460
10466
10467
10468
10474
10482
10484
10485
10487
10487
10489
10489
10491
10497
10500
10503
10506
10506
10512
10517
10526
10531
10532
10534
10535
10537
10539
10544
10555
10559
10559
10567
10567
10569
10571
10577
10582
10583
10584
10592
10598
10602
10609
10612
10615
10632
10636
10639
10641
10643
10645
10648
10654
10655
10655
10663
10665
10667
10682
10686
10689
10693
10696
10697
10698
10700
10703
10703
10706
10708
10712
10713
10723
10728
10728
10730
10731
10736
10743
10746
10748
10749
10755
10755
10767
10772
10772
10781
10789
10795
10803
10805
10806
10806
10808
10808
10813
10818
10821
10826
10835
10839
10839
10844
10845
10851
10853
10853
10858
10860
10865
10868
10871
10879
10881
10881
10885
10885
10889
10891
10892
10892
10901
10903
10906
10906
10907
10912
10920
10922
10928
10934
10935
10940
10941
10942
10943
10944
10946
10946
10947
10949
10952
10953
10955
10958
10960
10962
10968
10968
10981
10982
10988
10988
10993
11004
11008
11010
11026
11027
11028
11032
11034
11035
11037
11037
11042
11045
11050
11053
11053
11055
11057
11057
11058
11059
11060
11068
11069
11073
11078
11080
11084
11089
11092
11094
11100
11105
11106
11106
11106
11107
11117
11119
11124
11124
11127
11129
11134
11136
11136
11141
11144
11144
11150
11150
11159
11161
11162
11162
11163
11165
11170
11170
11174
11175
11179
11180
11181
11188
11189
11189
11190
11193
11193
11200
11200
11202
11204
11207
11207
11210
11211
11221
11224
11226
11228
11230
11235
11241
11243
11244
11247
11252
11253
11255
11255
11255
11258
11265
11265
11272
11278
11279
11282
11284
11291
11295
11300
11310
11310
11311
11320
11323
11332
11334
11342
11344
11348
11348
11349
11352
11355
11355
11358
11373
11375
11378
11379
11380
11381
11383
11384
11389
11389
11391
11394
11394
11402
11410
11411
11415
11416
11427
11432
11436
11439
11439
11439
11442
11453
11455
11457
11462
11462
11464
11464
11473
11479
11479
11481
11482
11493
11498
11503
11508
11512
11528
11529
11529
11534
11534
11539
11545
11550
11551
11555
11556
11565
11567
11569
11570
11571
11573
11575
11581
11582
11583
11588
11588
11589
11598
11598
11606
11609
11609
11610
11610
11612
11616
11621
11623
11625
11628
11643
11643
11650
11653
11654
11684
11684
11686
11687
11693
11700
11706
11712
11714
11718
11720
11722
11727
11729
11730
11742
11743
11743
11746
11746
11746
11747
11747
11751
11758
11759
11767
11771
11772
11773
11774
11786
11787
11788
11790
11791
11792
11793
11794
11795
11798
11799
11812
11812
11821
11823
11823
11823
11829
11830
11832
11832
11833
11839
11839
11847
11848
11852
11856
11858
11858
11858
11861
11861
11862
11866
11868
11869
11874
11881
11886
11898
11901
11902
11907
11912
11913
11914
11916
11920
11923
11924
11928
11931
11932
11934
11939
11943
11946
11947
11953
11955
11960
11960
11966
11968
11969
11969
11972
11984
11988
11988
11990
11990
11996
11999
12002
12004
12009
12011
12012
12013
12013
12028
12033
12033
12034
12034
12034
12035
12037
12042
12045
12047
12064
12066
12069
12072
12076
12076
12076
12077
12082
12082
12083
12084
12085
12094
12096
12096
12097
12112
12114
12116
12118
12119
12121
12131
12132
12137
12138
12140
12144
12147
12147
12147
12166
12168
12175
12177
12180
12194
12195
12197
12198
12204
12209
12209
12217
12217
12222
12226
12228
12229
12234
12239
12243
12245
12247
12259
12259
12261
12263
12264
12271
12274
12278
12279
12281
12285
12291
12293
12301
12309
12310
12323
12334
12337
12337
12338
12342
12347
12349
12349
12353
12358
12359
12361
12374
12381
12381
12391
12393
12402
12402
12406
12409
12412
12415
12422
12424
12424
12428
12429
12430
12430
12431
12431
12435
12438
12450
12453
12458
12463
12464
12464
12471
12476
12482
12486
12488
12495
12497
12501
12504
12504
12511
12513
12521
12523
12535
12543
12547
12551
12552
12553
12556
12557
12565
12566
12570
12575
12576
12578
12580
12581
12581
12591
12592
12598
12602
12608
12611
12611
12613
12616
12617
12624
12625
12636
12642
12644
12644
12654
12655
12663
12663
12666
12666
12667
12671
12672
12674
12682
12688
12692
12695
12705
12705
12706
12707
12707
12712
12723
12728
12729
12730
12730
12735
12735
12739
12743
12748
12752
12753
12760
12763
12766
12768
12774
12780
12781
12783
12788
12790
12795
12800
12800
12801
12807
12809
12813
12814
12821
12822
12844
12848
12853
12853
12853
12856
12856
12858
12859
12860
12864
12873
12874
12875
12878
12881
12881
12881
12882
12882
12887
12889
12889
12890
12891
12892
12894
12894
12897
12899
12903
12907
12914
12922
12934
12936
12936
12937
12938
12941
12942
12944
12944
12947
12947
12950
12950
12951
12962
12962
12962
12966
12966
12968
12969
12973
12979
12982
12985
12985
12988
12995
12997
12997
12998
12998
13004
13004
13006
13008
13009
13010
13010
13015
13018
13019
13020
13021
13026
13037
13042
13047
13057
13064
13068
13072
13075
13076
13077
13085
13088
13102
13102
13103
13104
13107
13109
13111
13112
13114
13114
13115
13116
13120
13121
13126
13132
13133
13135
13136
13138
13149
13150
13150
13156
13157
13158
13160
13161
13164
13181
13184
13190
13192
13203
13204
13205
13212
13217
13219
13221
13224
13232
13234
13242
13250
13254
13259
13261
13262
13263
13267
13271
13275
13276
13278
13288
13293
13293
13296
13298
13301
13310
13312
13314
13315
13319
13320
13320
13323
13326
13327
13339
13347
13349
13362
13368
13372
13373
13376
13377
13378
13384
13385
13385
13386
13386
13387
13389
13390
13393
13398
13400
13401
13402
13407
13408
13409
13409
13411
13421
13421
13424
13425
13426
13426
13428
13429
13433
13435
13436
13437
13446
13452
13453
13453
13455
13456
13460
13467
13469
13472
13482
13486
13492
13492
13494
13494
13495
13495
13496
13496
13497
13502
13503
13503
13508
13511
13522
13523
13535
13535
13539
13546
13548
13551
13553
13553
13554
13554
13558
13558
13568
13571
13576
13579
13582
13584
13585
13591
13592
13599
13600
13601
13604
13610
13610
13618
13621
13624
13629
13637
13640
13644
13647
13657
13668
13672
13673
13673
13675
13676
13684
13691
13693
13695
13704
13705
13706
13707
13711
13713
13716
13716
13716
13717
13720
13721
13721
13721
13722
13728
13737
13746
13747
13748
13748
13753
13754
13759
13765
13765
13771
13776
13778
13780
13781
13781
13785
13786
13792
13793
13797
13797
13801
13801
13802
13808
13815
13816
13817
13820
13822
13826
13834
13837
13839
13840
13841
13842
13842
13848
13849
13849
13849
13857
13864
13872
13878
13880
13881
13881
13886
13886
13887
13890
13891
13896
13896
13898
13901
13901
13903
13903
13906
13912
13923
13929
13930
13934
13941
13943
13945
13948
13949
13953
13954
13954
13955
13957
13962
13963
13963
13969
13970
13971
13976
13978
13978
13979
13979
13980
13981
13981
13982
13982
13990
13995
14000
14005
14007
14009
14010
14013
14014
14019
14019
14020
14029
14030
14030
14030
14032
14032
14036
14036
14042
14044
14044
14045
14058
14060
14062
14069
14071
14077
14078
14083
14090
14097
14101
14101
14112
14113
14115
14118
14120
14123
14123
14130
14130
14134
14136
14138
14140
14144
14150
14154
14155
14156
14160
14163
14168
14170
14174
14178
14180
14181
14183
14184
14186
14192
14192
14199
14201
14212
14213
14220
14233
14233
14237
14242
14242
14248
14255
14256
14259
14265
14268
14276
14285
14290
14292
14294
14304
14304
14310
14314
14315
14315
14317
14320
14321
14328
14331
14333
14341
14342
14342
14349
14351
14354
14357
14363
14375
14375
14376
14377
14379
14387
14390
14396
14399
14399
14400
14401
14403
14404
14409
14414
14416
14417
14418
14418
14419
14429
14432
14438
14439
14445
14449
14450
14450
14454
14464
14465
14471
14476
14481
14482
14487
14489
14497
14503
14505
14514
14515
14523
14524
14526
14526
14535
14549
14549
14552
14559
14561
14563
14571
14571
14571
14581
14587
14587
14599
14601
14602
14603
14604
14604
14606
14608
14609
14610
14611
14611
14615
14616
14617
14618
14619
14619
14623
14628
14629
14631
14633
14635
14637
14639
14648
14648
14651
14653
14654
14657
14657
14657
14662
14664
14664
14665
14666
14669
14670
14670
14688
14691
14693
14694
14703
14704
14704
14707
14711
14713
14718
14719
14722
14724
14729
14730
14736
14739
14744
14748
14753
14758
14759
14761
14761
14764
14766
14785
14787
14789
14792
14807
14815
14818
14820
14821
14827
14827
14831
14831
14840
14844
14845
14847
14851
14857
14860
14863
14873
14873
14874
14879
14885
14888
14894
14894
14895
14899
14902
14905
14909
14912
14929
14932
14933
14933
14937
14941
14942
14943
14946
14949
14961
14967
14969
14970
14976
14986
14988
14990
14997
14999
15000
15003
15003
15003
15004
15004
15007
15011
15013
15013
15015
15017
15028
15038
15039
15048
15068
15075
15079
15079
15081
15083
15083
15084
15089
15090
15100
15104
15110
15114
15114
15115
15116
15118
15136
15149
15153
15163
15163
15169
15185
15185
15186
15189
15191
15199
15201
15204
15209
15211
15212
15229
15232
15236
15238
15240
15243
15249
15251
15257
15257
15259
15263
15265
15274
15279
15280
15284
15285
15286
15289
15301
15304
15308
15315
15322
15322
15324
15326
15327
15328
15329
15334
15336
15336
15346
15351
15357
15361
15365
15370
15371
15376
15377
15384
15386
15389
15391
15395
15397
15401
15402
15408
15411
15412
15413
15413
15422
15422
15423
15426
15429
15436
15436
15436
15440
15448
15449
15451
15454
15455
15461
15462
15465
15466
15467
15470
15471
15474
15484
15489
15489
15492
15493
15493
15495
15496
15497
15499
15500
15501
15503
15521
15523
15535
15541
15546
15547
15547
15552
15552
15555
15557
15559
15562
15565
15566
15573
15573
15576
15578
15579
15580
15583
15589
15590
15593
15601
15606
15607
15610
15618
15619
15620
15620
15624
15625
15631
15639
15640
15642
15644
15645
15645
15649
15654
15655
15665
15666
15671
15671
15671
15673
15678
15681
15689
15691
15692
15693
15702
15703
15704
15705
15707
15710
15713
15715
15715
15730
15737
15739
15748
15752
15756
15758
15761
15763
15765
15769
15774
15776
15780
15782
15783
15784
15792
15795
15801
15802
15804
15817
15817
15821
15823
15829
15830
15832
15835
15837
15848
15849
15850
15854
15866
15867
15868
15868
15871
15873
15875
15876
15876
15882
15887
15888
15888
15890
15894
15903
15906
15908
15911
15914
15919
15921
15923
15931
15931
15931
15932
15932
15932
15944
15946
15948
15949
15965
15969
15973
15980
15984
15990
15990
15993
15997
16002
16004
16009
16010
16011
16015
16015
16025
16029
16029
16032
16036
16036
16058
16061
16071
16076
16076
16085
16090
16093
16095
16100
16100
16101
16102
16102
16103
16109
16112
16117
16118
16119
16120
16121
16122
16130
16131
16137
16139
16140
16140
16142
16146
16147
16147
16149
16151
16152
16156
16156
16157
16158
16159
16159
16160
16162
16162
16167
16169
16169
16171
16171
16174
16174
16178
16183
16185
16186
16193
16195
16201
16203
16204
16206
16206
16211
16213
16216
16217
16218
16218
16223
16225
16225
16229
16233
16238
16241
16242
16249
16258
16267
16280
16285
16286
16290
16292
16297
16299
16310
16315
16318
16319
16322
16323
16329
16331
16338
16339
16344
16348
16348
16349
16358
16359
16361
16361
16367
16377
16387
16399
16400
16402
16402
16408
16409
16420
16427
16428
16430
16442
16442
16445
16446
16449
16449
16451
16453
16461
16462
16464
16468
16470
16470
16474
16478
16481
16482
16484
16485
16486
16501
16503
16505
16509
16513
16517
16530
16535
16535
16541
16546
16546
16547
16548
16558
16559
16564
16564
16565
16566
16574
16585
16588
16600
16601
16610
16610
16611
16617
16617
16618
16622
16622
16636
16640
16640
16647
16651
16658
16663
16665
16667
16672
16673
16673
16675
16688
16699
16700
16702
16705
16706
16718
16720
16728
16733
16734
16735
16744
16744
16746
16751
16753
16754
16757
16760
16760
16762
16763
16763
16764
16767
16771
16781
16782
16787
16795
16799
16799
16799
16806
16807
16813
16814
16820
16820
16821
16830
16830
16832
16835
16841
16841
16852
16853
16853
16863
16864
16866
16868
16870
16874
16882
16883
16883
16886
16888
16891
16909
16910
16911
16920
16921
16927
16927
16930
16931
16940
16945
16948
16950
16955
16957
16957
16957
16960
16962
16963
16967
16970
16970
16970
16972
16973
16976
16977
16981
16982
16985
16986
16990
16992
17002
17003
17004
17009
17017
17018
17020
17023
17026
17026
17028
17031
17033
17036
17040
17041
17043
17047
17050
17054
17055
17056
17057
17058
17061
17066
17067
17071
17074
17074
17078
17079
17080
17085
17089
17092
17093
17098
17105
17105
17108
17120
17122
17124
17126
17126
17129
17131
17132
17133
17134
17134
17135
17138
17139
17144
17148
17150
17153
17159
17170
17190
17191
17191
17194
17197
17199
17200
17201
17202
17203
17206
17206
17207
17208
17209
17210
17211
17218
17220
17221
17221
17229
17235
17236
17238
17239
17240
17257
17258
17266
17267
17272
17272
17274
17276
17283
17286
17290
17291
17294
17304
17306
17313
17315
17317
17318
17325
17329
17334
17335
17336
17337
17338
17339
17344
17350
17351
17358
17366
17372
17374
17375
17382
17384
17390
17398
17399
17401
17404
17405
17410
17415
17435
17437
17442
17444
17445
17449
17451
17452
17458
17459
17460
17467
17471
17483
17483
17486
17487
17491
17493
17499
17504
17504
17506
17514
17514
17520
17534
17535
17537
17538
17541
17543
17549
17550
17555
17558
17561
17562
17567
17569
17570
17571
17572
17573
17576
17579
17582
17582
17583
17587
17590
17591
17594
17595
17596
17597
17604
17607
17611
17616
17622
17622
17623
17628
17635
17638
17653
17653
17662
17664
17670
17671
17678
17679
17680
17684
17687
17690
17702
17707
17709
17734
17737
17737
17737
17737
17740
17743
17747
17747
17767
17771
17774
17774
17775
17778
17786
17791
17794
17794
17799
17800
17807
17808
17813
17818
17821
17823
17825
17832
17832
17835
17836
17837
17838
17838
17839
17840
17846
17848
17852
17858
17860
17862
17862
17870
17875
17879
17879
17879
17882
17885
17886
17887
17889
17890
17892
17893
17899
17902
17904
17905
17907
17910
17914
17922
17925
17932
17939
17941
17941
17942
17946
17947
17948
17949
17955
17955
17957
17958
17958
17960
17962
17967
17970
17972
17974
17974
17974
17976
17977
17978
17979
17986
17987
17992
17993
17996
17998
18000
18001
18006
18013
18013
18021
18021
18022
18023
18024
18039
18040
18044
18044
18046
18049
18051
18052
18056
18060
18061
18061
18062
18064
18067
18071
18071
18080
18081
18081
18083
18088
18089
18091
18097
18101
18102
18106
18113
18115
18116
18120
18122
18122
18123
18126
18126
18136
18138
18138
18140
18144
18144
18144
18147
18151
18154
18158
18159
18161
18168
18172
18174
18176
18179
18179
18183
18184
18185
18187
18189
18189
18190
18201
18203
18203
18205
18211
18212
18213
18216
18217
18219
18220
18222
18222
18231
18233
18237
18239
18247
18248
18248
18251
18251
18252
18253
18254
18259
18261
18263
18276
18278
18290
18299
18301
18302
18302
18304
18311
18315
18327
18331
18333
18334
18341
18343
18346
18360
18360
18362
18362
18363
18364
18373
18373
18374
18376
18378
18379
18385
18385
18387
18389
18390
18390
18393
18395
18396
18400
18402
18402
18406
18408
18412
18413
18421
18422
18424
18426
18432
18435
18437
18439
18441
18442
18443
18444
18448
18450
18456
18456
18461
18467
18469
18469
18470
18473
18474
18475
18477
18478
18491
18491
18493
18495
18495
18496
18500
18501
18502
18507
18510
18513
18513
18514
18515
18519
18525
18530
18533
18541
18560
18560
18561
18563
18563
18567
18567
18567
18567
18570
18572
18572
18573
18587
18588
18592
18592
18594
18594
18595
18603
18607
18608
18611
18611
18614
18625
18631
18637
18645
18647
18649
18652
18658
18659
18661
18662
18664
18669
18676
18678
18683
18685
18689
18689
18691
18692
18694
18695
18699
18700
18700
18702
18706
18707
18710
18716
18716
18717
18726
18727
18733
18735
18736
18737
18744
18745
18746
18749
18749
18749
18755
18757
18758
18767
18782
18783
18785
18786
18789
18790
18794
18800
18801
18805
18807
18812
18814
18815
18817
18818
18833
18835
18837
18838
18840
18841
18844
18849
18856
18856
18858
18858
18863
18870
18874
18876
18876
18879
18881
18882
18889
18890
18891
18904
18907
18915
18927
18927
18930
18930
18938
18943
18947
18947
18948
18948
18949
18952
18954
18957
18957
18958
18961
18962
18972
18983
18984
18988
18992
18993
18993
18999
19007
19007
19013
19023
19030
19043
19050
19051
19054
19056
19057
19059
19061
19065
19074
19081
19081
19087
19088
19093
19098
19099
19111
19111
19113
19116
19119
19121
19123
19124
19137
19142
19145
19154
19159
19161
19173
19178
19179
19179
19181
19189
19189
19193
19198
19208
19208
19209
19214
19214
19217
19218
19219
19220
19221
19225
19226
19226
19228
19239
19246
19247
19259
19259
19261
19263
19270
19271
19272
19275
19276
19277
19281
19283
19283
19287
19287
19294
19295
19298
19303
19308
19308
19311
19313
19315
19317
19318
19319
19322
19323
19333
19334
19335
19336
19337
19339
19341
19345
19346
19346
19347
19351
19354
19366
19371
19372
19373
19375
19377
19382
19386
19386
19389
19393
19397
19399
19400
19401
19402
19405
19411
19418
19421
19424
19437
19438
19439
19449
19452
19466
19470
19478
19482
19483
19486
19488
19492
19492
19492
19496
19500
19501
19510
19510
19529
19531
19535
19536
19538
19540
19541
19543
19546
19552
19553
19556
19567
19578
19579
19579
19580
19593
19596
19597
19598
19601
19602
19603
19607
19623
19628
19637
19638
19640
19641
19643
19650
19654
19654
19661
19663
19667
19668
19674
19675
19676
19676
19678
19678
19685
19690
19690
19702
19706
19709
19711
19711
19712
19720
19723
19728
19731
19732
19735
19736
19741
19744
19747
19753
19761
19766
19768
19769
19772
19774
19776
19783
19785
19787
19790
19791
19797
19805
19805
19807
19810
19817
19823
19826
19831
19838
19840
19840
19840
19845
19851
19852
19862
19862
19863
19866
19866
19869
19870
19875
19887
19887
19887
19891
19903
19905
19906
19909
19910
19911
19914
19917
19920
19923
19931
19933
19935
19943
19946
19951
19952
19952
19958
19961
19964
19968
19970
19972
19974
19974
19975
19981
19982
19984
19992
20005
20007
20011
20016
20018
20019
20019
20019
20020
20020
20023
20028
20034
20034
20038
20038
20049
20050
20052
20064
20064
20065
20067
20067
20071
20073
20075
20076
20079
20081
20086
20092
20092
20094
20096
20109
20110
20112
20113
20117
20118
20120
20120
20126
20129
20130
20137
20137
20146
20147
20151
20151
20159
20164
20165
20173
20175
20183
20185
20191
20194
20197
20197
20201
20202
20205
20205
20210
20226
20227
20227
20232
20234
20235
20239
20240
20241
20244
20245
20257
20257
20258
20259
20261
20261
20262
20265
20268
20271
20272
20277
20282
20295
20295
20304
20305
20305
20306
20306
20307
20307
20308
20311
20312
20319
20326
20333
20336
20339
20339
20342
20342
20344
20354
20357
20364
20367
20368
20369
20370
20378
20388
20389
20395
20401
20404
20405
20409
20410
20411
20414
20420
20421
20428
20431
20438
20438
20441
20444
20447
20451
20451
20453
20457
20486
20487
20488
20490
20491
20494
20494
20496
20500
20501
20501
20513
20518
20519
20521
20522
20525
20526
20533
20539
20542
20545
20546
20547
20552
20555
20556
20559
20560
20571
20573
20574
20575
20582
20583
20586
20587
20588
20590
20593
20593
20594
20600
20606
20608
20611
20614
20616
20617
20617
20618
20627
20628
20630
20631
20636
20637
20637
20641
20646
20646
20650
20665
20669
20671
20676
20679
20680
20681
20682
20682
20683
20684
20685
20691
20692
20695
20697
20698
20703
20703
20705
20711
20712
20715
20717
20721
20723
20724
20727
20729
20744
20749
20751
20754
20758
20759
20764
20765
20769
20775
20777
20778
20788
20792
20792
20796
20797
20804
20816
20816
20816
20819
20820
20831
20831
20832
20838
20841
20861
20863
20867
20869
20871
20876
20878
20893
20894
20894
20899
20902
20904
20908
20914
20916
20918
20918
20920
20925
20926
20927
20933
20933
20934
20938
20940
20949
20951
20954
20958
20959
20961
20963
20967
20975
20984
20985
20989
20997
20999
21001
21021
21021
21024
21028
21029
21040
21042
21042
21043
21045
21046
21048
21049
21050
21055
21056
21059
21062
21066
21066
21074
21081
21082
21084
21085
21088
21107
21111
21112
21112
21112
21113
21121
21127
21129
21129
21139
21141
21143
21143
21146
21147
21148
21150
21150
21151
21153
21156
21159
21190
21193
21193
21198
21199
21200
21202
21202
21206
21207
21220
21221
21221
21224
21228
21231
21233
21241
21241
21243
21244
21255
21270
21270
21271
21274
21275
21280
21280
21283
21285
21288
21289
21289
21296
21312
21320
21321
21322
21323
21329
21330
21333
21336
21338
21339
21344
21346
21348
21349
21352
21357
21358
21360
21367
21367
21376
21388
21390
21395
21411
21411
21415
21417
21428
21431
21434
21435
21437
21438
21441
21445
21445
21453
21455
21455
21457
21457
21458
21459
21461
21475
21477
21478
21478
21479
21481
21483
21490
21491
21504
21508
21509
21513
21518
21519
21520
21522
21524
21524
21529
21532
21536
21537
21538
21541
21543
21550
21556
21557
21562
21562
21563
21566
21571
21573
21574
21577
21585
21586
21588
21595
21609
21610
21614
21616
21625
21628
21636
21637
21637
21638
21644
21647
21653
21655
21661
21661
21668
21675
21680
21684
21685
21686
21689
21690
21692
21695
21697
21702
21707
21710
21710
21712
21712
21717
21726
21732
21735
21736
21741
21743
21744
21747
21756
21766
21771
21772
21772
21776
21776
21778
21783
21784
21786
21788
21789
21790
21792
21793
21794
21798
21799
21802
21806
21812
21813
21815
21818
21822
21828
21838
21839
21840
21845
21845
21846
21846
21847
21850
21862
21866
21868
21868
21873
21873
21878
21880
21882
21883
21889
21894
21901
21905
21908
21909
21913
21922
21932
21936
21936
21940
21941
21949
21949
21951
21952
21953
21953
21955
21958
21961
21963
21965
21966
21968
21974
21975
21975
21982
21983
21986
21992
21996
21997
22002
22003
22006
22007
22007
22008
22011
22014
22020
22031
22036
22042
22047
22050
22059
22060
22061
22062
22064
22074
22074
22075
22079
22084
22085
22086
22094
22097
22097
22104
22115
22116
22120
22121
22123
22123
22127
22128
22137
22140
22146
22146
22146
22149
22150
22157
22159
22162
22166
22174
22177
22179
22184
22185
22186
22186
22190
22192
22195
22198
22203
22205
22212
22214
22217
22223
22232
22234
22236
22244
22258
22263
22274
22276
22281
22291
22291
22291
22292
22294
22296
22299
22303
22305
22314
22316
22316
22316
22323
22327
22331
22336
22336
22342
22343
22343
22346
22351
22355
22355
22359
22364
22366
22368
22369
22370
22375
22380
22380
22385
22388
22388
22390
22392
22397
22398
22403
22405
22409
22410
22414
22414
22416
22419
22419
22424
22424
22424
22426
22427
22427
22433
22435
22439
22440
22441
22441
22442
22444
22445
22445
22446
22449
22457
22460
22462
22462
22465
22470
22476
22484
22486
22490
22490
22496
22496
22501
22502
22504
22508
22508
22509
22511
22513
22516
22520
22526
22528
22539
22548
22550
22558
22559
22560
22566
22566
22568
22568
22568
22575
22576
22579
22587
22587
22591
22596
22599
22602
22602
22606
22608
22611
22615
22615
22617
22626
22628
22628
22630
22636
22648
22661
22663
22665
22665
22666
22668
22668
22671
22672
22672
22678
22683
22687
22688
22691
22693
22695
22695
22709
22715
22715
22720
22723
22727
22727
22729
22731
22734
22740
22743
22744
22745
22746
22746
22749
22750
22751
22752
22757
22759
22765
22766
22766
22776
22779
22780
22785
22785
22797
22802
22809
22811
22817
22824
22824
22826
22828
22830
22831
22839
22841
22843
22849
22855
22856
22862
22862
22864
22871
22873
22874
22875
22875
22881
22886
22889
22899
22907
22909
22910
22910
22910
22912
22913
22915
22921
22926
22927
22930
22937
22938
22939
22945
22947
22950
22955
22961
22968
22969
22978
22989
22993
22996
23005
23005
23007
23009
23013
23017
23019
23019
23021
23028
23031
23036
23041
23045
23045
23046
23049
23049
23050
23058
23063
23068
23069
23071
23084
23084
23088
23088
23092
23095
23101
23102
23104
23104
23105
23108
23111
23111
23115
23119
23131
23134
23143
23150
23152
23158
23160
23161
23161
23168
23169
23172
23174
23175
23178
23178
23181
23182
23187
23188
23188
23191
23192
23194
23199
23201
23201
23202
23202
23204
23205
23206
23215
23218
23219
23220
23221
23222
23223
23226
23230
23230
23232
23251
23254
23260
23261
23262
23263
23266
23267
23268
23282
23288
23289
23290
23298
23299
23300
23301
23307
23308
23314
23316
23317
23318
23325
23329
23340
23345
23347
23347
23347
23352
23354
23367
23372
23376
23376
23379
23382
23384
23392
23393
23395
23396
23396
23399
23404
23407
23413
23417
23419
23421
23427
23434
23435
23439
23439
23448
23449
23465
23469
23476
23480
23482
23484
23487
23488
23491
23499
23500
23502
23503
23504
23504
23505
23511
23512
23516
23523
23524
23526
23529
23529
23535
23542
23555
23559
23560
23561
23561
23563
23570
23572
23574
23576
23579
23579
23587
23588
23588
23590
23591
23593
23607
23608
23611
23620
23620
23626
23626
23627
23640
23641
23646
23658
23659
23664
23666
23666
23672
23684
23684
23686
23694
23699
23700
23701
23702
23704
23705
23705
23707
23720
23722
23727
23738
23740
23743
23743
23749
23750
23752
23763
23775
23783
23787
23789
23795
23796
23797
23798
23799
23801
23809
23810
23812
23812
23813
23819
23824
23832
23835
23841
23855
23859
23862
23863
23868
23870
23870
23876
23878
23878
23880
23881
23886
23888
23889
23890
23891
23891
23897
23898
23899
23900
23904
23906
23906
23909
23912
23913
23914
23919
23920
23920
23922
23925
23937
23940
23941
23951
23953
23965
23972
23980
23985
23986
23989
24000
24010
24013
24013
24014
24018
24026
24027
24029
24029
24029
24031
24033
24037
24037
24038
24038
24040
24041
24043
24043
24044
24056
24059
24060
24066
24072
24075
24076
24076
24081
24086
24087
24092
24093
24096
24097
24098
24098
24100
24103
24103
24109
24114
24115
24118
24121
24122
24127
24131
24133
24138
24140
24142
24143
24143
24146
24151
24151
24152
24152
24156
24156
24156
24179
24183
24190
24194
24199
24199
24201
24201
24201
24202
24207
24210
24210
24211
24213
24216
24216
24224
24231
24234
24235
24240
24256
24259
24262
24264
24265
24284
24284
24291
24295
24301
24311
24312
24314
24315
24320
24322
24322
24322
24334
24337
24340
24341
24347
24353
24356
24357
24360
24360
24366
24366
24367
24368
24368
24369
24376
24378
24378
24381
24387
24389
24389
24393
24396
24397
24403
24404
24406
24410
24413
24413
24414
24417
24422
24427
24431
24432
24444
24446
24446
24446
24455
24462
24463
24466
24468
24471
24471
24476
24476
24487
24494
24496
24500
24506
24507
24508
24510
24518
24523
24524
24526
24531
24533
24535
24538
24539
24539
24549
24551
24561
24561
24566
24567
24568
24570
24571
24578
24580
24584
24588
24588
24589
24589
24591
24597
24600
24603
24604
24605
24610
24614
24615
24618
24618
24619
24626
24627
24629
24630
24631
24636
24638
24641
24647
24649
24649
24653
24653
24658
24670
24671
24672
24674
24678
24680
24681
24682
24686
24688
24690
24690
24691
24693
24696
24697
24698
24703
24704
24705
24708
24711
24723
24725
24727
24733
24734
24736
24736
24742
24744
24745
24754
24758
24759
24760
24761
24762
24765
24769
24771
24776
24785
24786
24790
24791
24793
24794
24796
24797
24805
24806
24810
24811
24820
24831
24835
24835
24839
24839
24842
24844
24844
24845
24846
24846
24854
24855
24856
24856
24859
24860
24865
24865
24865
24868
24873
24879
24880
24881
24890
24892
24892
24893
24896
24896
24941
24945
24951
24952
24953
24958
24961
24972
24972
24973
24974
24981
24985
24987
24994
24999
25009
25018
25019
25023
25026
25027
25028
25030
25031
25033
25037
25037
25043
25044
25047
25050
25054
25063
25068
25071
25076
25076
25079
25079
25080
25086
25087
25089
25098
25098
25099
25104
25105
25105
25110
25110
25111
25114
25116
25124
25127
25128
25130
25130
25132
25133
25137
25139
25152
25153
25153
25157
25162
25163
25166
25167
25167
25168
25168
25172
25173
25173
25174
25175
25178
25178
25183
25183
25184
25191
25195
25199
25207
25210
25211
25213
25217
25221
25221
25224
25226
25226
25233
25236
25239
25241
25250
25253
25256
25258
25262
25263
25264
25268
25272
25273
25286
25289
25290
25303
25304
25305
25306
25309
25315
25316
25317
25317
25321
25323
25330
25334
25335
25338
25339
25341
25341
25350
25353
25355
25362
25368
25369
25374
25377
25382
25386
25388
25389
25390
25396
25398
25399
25401
25402
25407
25411
25423
25423
25424
25426
25426
25431
25433
25433
25435
25438
25439
25440
25443
25444
25445
25446
25453
25457
25459
25462
25463
25468
25470
25472
25472
25473
25473
25475
25475
25477
25485
25486
25486
25489
25490
25490
25492
25494
25495
25496
25504
25513
25515
25517
25523
25526
25529
25533
25533
25537
25539
25544
25545
25560
25561
25562
25563
25564
25568
25570
25573
25574
25585
25587
25587
25589
25591
25595
25598
25602
25607
25607
25612
25617
25618
25622
25627
25629
25634
25641
25643
25650
25655
25657
25661
25661
25661
25661
25662
25664
25666
25670
25679
25680
25680
25687
25701
25705
25705
25711
25712
25716
25717
25719
25721
25726
25731
25737
25746
25753
25761
25764
25766
25769
25777
25779
25780
25785
25790
25791
25791
25792
25793
25795
25801
25804
25830
25831
25832
25832
25834
25841
25844
25851
25857
25860
25862
25865
25874
25889
25891
25891
25895
25897
25903
25909
25912
25918
25918
25922
25923
25923
25924
25928
25930
25934
25936
25941
25941
25954
25957
25971
25974
25974
25977
25981
25985
25986
25998
26000
26000
26006
26009
26011
26011
26011
26013
26014
26018
26018
26024
26033
26035
26039
26040
26041
26042
26047
26051
26051
26054
26057
26062
26066
26071
26074
26074
26076
26076
26078
26078
26083
26088
26090
26098
26103
26103
26105
26107
26108
26110
26115
26115
26120
26125
26127
26131
26138
26146
26148
26150
26154
26159
26160
26171
26176
26178
26182
26185
26186
26189
26190
26192
26207
26208
26212
26213
26224
26226
26228
26228
26236
26236
26240
26242
26244
26257
26257
26257
26258
26260
26261
26263
26271
26271
26273
26275
26276
26289
26299
26302
26306
26307
26311
26312
26315
26316
26316
26321
26332
26334
26337
26344
26345
26345
26348
26357
26365
26366
26366
26371
26371
26375
26384
26386
26388
26391
26392
26394
26396
26398
26405
26405
26408
26411
26416
26420
26423
26423
26426
26428
26430
26438
26441
26441
26441
26443
26446
26448
26448
26449
26450
26451
26452
26453
26465
26471
26472
26473
26473
26479
26479
26480
26484
26487
26488
26488
26489
26489
26490
26491
26492
26494
26501
26506
26506
26508
26509
26510
26514
26515
26515
26517
26521
26523
26524
26526
26528
26529
26531
26532
26533
26542
26549
26552
26554
26554
26556
26568
26568
26571
26573
26587
26591
26591
26595
26597
26602
26602
26611
26615
26619
26621
26626
26628
26629
26630
26634
26643
26643
26644
26646
26646
26647
26651
26657
26658
26662
26664
26667
26671
26671
26673
26673
26673
26677
26685
26687
26692
26698
26700
26704
26709
26713
26716
26719
26721
26722
26729
26734
26734
26736
26740
26745
26746
26748
26751
26758
26760
26763
26765
26766
26770
26773
26775
26779
26781
26781
26786
26789
26789
26789
26792
26795
26800
26807
26810
26814
26816
26825
26826
26827
26838
26842
26848
26848
26849
26854
26858
26860
26861
26865
26870
26871
26871
26873
26876
26881
26881
26883
26883
26884
26889
26898
26899
26903
26909
26913
26913
26919
26923
26925
26927
26929
26932
26936
26939
26941
26947
26952
26955
26959
26971
26973
26973
26974
26982
26984
26986
26990
26997
26999
27002
27002
27004
27008
27010
27015
27026
27027
27031
27033
27036
27037
27038
27038
27047
27048
27053
27054
27054
27056
27063
27063
27065
27066
27069
27070
27071
27072
27072
27081
27084
27090
27093
27095
27100
27101
27102
27105
27108
27109
27114
27122
27129
27129
27130
27134
27137
27138
27146
27155
27157
27160
27162
27166
27169
27171
27174
27174
27177
27177
27177
27182
27182
27185
27187
27189
27190
27192
27192
27194
27206
27210
27211
27216
27218
27219
27223
27228
27231
27232
27232
27234
27243
27245
27248
27249
27249
27251
27253
27258
27260
27262
27269
27274
27277
27277
27279
27295
27295
27299
27299
27309
27315
27316
27316
27316
27317
27320
27323
27323
27326
27341
27347
27350
27355
27357
27359
27364
27370
27372
27373
27380
27382
27384
27385
27386
27387
27392
27395
27399
27401
27405
27405
27409
27410
27410
27410
27414
27417
27418
27424
27425
27425
27432
27433
27433
27440
27442
27446
27447
27447
27448
27458
27459
27463
27463
27470
27475
27481
27482
27484
27486
27491
27500
27502
27505
27508
27514
27520
27521
27525
27529
27530
27530
27535
27536
27539
27542
27543
27543
27546
27552
27559
27563
27565
27566
27569
27569
27572
27581
27587
27591
27593
27593
27593
27595
27601
27605
27607
27611
27611
27613
27616
27618
27628
27628
27632
27632
27633
27637
27639
27640
27641
27644
27647
27648
27650
27652
27662
27672
27675
27678
27681
27699
27701
27704
27704
27711
27716
27717
27718
27734
27735
27735
27740
27744
27745
27745
27746
27761
27764
27769
27771
27773
27775
27777
27777
27777
27783
27784
27785
27791
27795
27795
27798
27799
27800
27804
27817
27818
27820
27824
27824
27831
27836
27836
27840
27841
27841
27843
27844
27849
27851
27851
27855
27858
27862
27864
27872
27874
27880
27891
27905
27905
27908
27908
27912
27918
27919
27940
27945
27948
27949
27951
27958
27959
27962
27964
27965
27968
27974
27974
27974
27977
27985
27987
27988
27990
27993
27999
27999
28001
28001
28005
28005
28005
28008
28009
28014
28021
28023
28035
28035
28037
28037
28038
28039
28045
28047
28051
28053
28055
28057
28059
28059
28061
28066
28068
28079
28082
28083
28084
28084
28084
28086
28087
28100
28100
28100
28102
28106
28109
28120
28122
28125
28129
28131
28136
28139
28143
28148
28156
28156
28172
28177
28177
28184
28186
28190
28198
28200
28200
28205
28211
28212
28214
28216
28218
28220
28229
28234
28234
28238
28239
28241
28247
28247
28250
28252
28258
28265
28269
28272
28274
28282
28288
28288
28291
28292
28295
28300
28302
28307
28308
28313
28314
28316
28317
28319
28321
28330
28337
28339
28340
28343
28352
28353
28353
28357
28359
28366
28368
28374
28375
28384
28388
28397
28403
28404
28412
28421
28430
28433
28442
28445
28445
28446
28448
28450
28453
28458
28461
28465
28479
28482
28484
28484
28485
28488
28490
28497
28512
28512
28513
28518
28523
28528
28528
28530
28531
28531
28535
28536
28537
28539
28540
28547
28549
28559
28571
28573
28573
28583
28584
28588
28589
28591
28592
28595
28601
28603
28605
28611
28616
28622
28622
28637
28645
28648
28656
28667
28669
28671
28673
28678
28678
28679
28684
28692
28694
28695
28705
28706
28707
28709
28712
28717
28719
28721
28722
28727
28728
28728
28731
28732
28735
28735
28739
28743
28745
28746
28747
28749
28757
28758
28760
28760
28761
28764
28765
28768
28768
28774
28776
28784
28798
28805
28805
28809
28811
28812
28815
28816
28822
28822
28822
28831
28835
28844
28854
28858
28862
28864
28869
28872
28877
28878
28880
28881
28886
28887
28892
28902
28905
28907
28908
28911
28915
28917
28920
28923
28927
28930
28936
28940
28944
28952
28954
28971
28973
28976
28980
28988
28990
28991
28991
28992
28994
29000
29001
29009
29010
29013
29014
29018
29022
29022
29025
29028
29031
29038
29040
29040
29043
29043
29044
29048
29048
29055
29059
29066
29068
29080
29093
29095
29098
29102
29106
29108
29109
29111
29124
29125
29133
29134
29135
29135
29139
29140
29149
29153
29154
29163
29163
29164
29171
29172
29174
29177
29188
29188
29197
29198
29198
29200
29202
29204
29207
29218
29224
29246
29247
29247
29250
29250
29255
29256
29256
29267
29269
29273
29274
29274
29276
29277
29281
29283
29285
29286
29288
29291
29294
29294
29299
29304
29304
29304
29305
29306
29314
29318
29323
29327
29328
29332
29344
29346
29349
29357
29357
29357
29363
29363
29370
29371
29379
29380
29380
29383
29384
29385
29389
29392
29394
29395
29396
29401
29406
29407
29408
29410
29415
29416
29417
29419
29421
29424
29425
29429
29430
29435
29435
29438
29440
29442
29443
29445
29448
29451
29452
29454
29455
29463
29469
29469
29473
29475
29475
29476
29485
29488
29496
29501
29506
29513
29514
29520
29533
29552
29553
29558
29563
29565
29571
29586
29589
29589
29589
29590
29592
29593
29604
29610
29611
29612
29629
29630
29631
29634
29636
29639
29639
29640
29644
29647
29649
29652
29656
29656
29657
29658
29659
29659
29663
29667
29668
29671
29677
29678
29685
29686
29691
29693
29697
29699
29703
29705
29713
29717
29719
29719
29730
29730
29730
29732
29733
29735
29738
29743
29743
29744
29744
29748
29750
29750
29752
29755
29757
29758
29762
29777
29778
29793
29795
29811
29813
29816
29820
29824
29825
29825
29829
29829
29834
29839
29845
29846
29848
29856
29857
29864
29865
29867
29870
29871
29874
29875
29876
29878
29879
29880
29880
29882
29886
29900
29908
29910
29910
29911
29913
29916
29927
29928
29929
29930
29931
29932
29934
29938
29944
29949
29949
29952
29952
29970
29972
29972
29972
29972
29981
29981
29983
29986
29987
29987
29994
29998
29998
29999
30000
30004
30005
30005
30013
30015
30017
30018
30019
30020
30022
30023
30025
30028
30030
30038
30043
30043
30045
30048
30050
30052
30056
30061
30066
30078
30079
30082
30086
30090
30091
30101
30102
30105
30109
30112
30116
30125
30126
30126
30128
30128
30130
30131
30131
30133
30136
30137
30138
30142
30146
30148
30151
30152
30154
30157
30163
30163
30164
30167
30168
30169
30171
30173
30174
30180
30185
30191
30194
30195
30198
30203
30206
30207
30208
30212
30215
30219
30226
30227
30232
30234
30237
30242
30246
30252
30252
30254
30256
30260
30263
30263
30263
30272
30273
30273
30279
30280
30285
30289
30293
30298
30298
30299
30300
30301
30303
30303
30307
30313
30315
30325
30328
30329
30342
30346
30351
30355
30356
30359
30360
30367
30369
30372
30374
30380
30382
30384
30385
30386
30400
30406
30406
30406
30410
30411
30420
30424
30426
30429
30429
30430
30430
30437
30449
30455
30458
30459
30466
30470
30471
30472
30474
30483
30485
30494
30495
30496
30497
30497
30499
30504
30505
30506
30510
30514
30515
30515
30518
30523
30536
30538
30542
30543
30543
30544
30544
30545
30551
30552
30559
30561
30562
30567
30570
30571
30573
30575
30578
30580
30593
30594
30598
30602
30604
30610
30612
30613
30613
30619
30623
30624
30625
30630
30632
30632
30636
30639
30646
30651
30652
30653
30653
30656
30659
30660
30664
30667
30671
30674
30676
30678
30679
30680
30680
30681
30682
30685
30686
30687
30688
30690
30693
30701
30702
30702
30703
30711
30712
30718
30726
30726
30726
30728
30733
30735
30736
30737
30742
30744
30750
30751
30755
30759
30761
30763
30764
30766
30768
30772
30779
30779
30781
30783
30787
30790
30792
30794
30794
30796
30810
30810
30816
30818
30819
30829
30830
30832
30836
30838
30843
30849
30854
30856
30859
30860
30862
30868
30874
30879
30879
30881
30882
30884
30884
30894
30902
30906
30907
30912
30916
30916
30917
30922
30925
30926
30930
30934
30936
30936
30941
30942
30949
30957
30961
30968
30972
30978
30981
30982
30986
30995
31001
31004
31005
31010
31012
31014
31017
31020
31023
31024
31025
31026
31026
31027
31028
31041
31044
31047
31054
31054
31061
31065
31068
31068
31072
31080
31081
31091
31094
31097
31103
31119
31127
31130
31134
31135
31144
31152
31160
31161
31163
31164
31166
31167
31176
31176
31182
31186
31189
31190
31191
31192
31192
31193
31194
31198
31201
31203
31203
31207
31211
31211
31222
31224
31225
31228
31244
31251
31252
31254
31255
31258
31260
31271
31277
31278
31281
31283
31286
31293
31299
31303
31307
31309
31310
31310
31312
31319
31319
31322
31325
31330
31333
31339
31341
31342
31357
31358
31360
31370
31370
31371
31372
31375
31382
31383
31385
31390
31391
31396
31401
31404
31408
31411
31415
31416
31419
31421
31423
31440
31442
31448
31449
31449
31458
31459
31460
31465
31466
31467
31469
31469
31473
31474
31477
31480
31482
31483
31484
31484
31485
31488
31489
31490
31494
31499
31501
31501
31504
31506
31510
31513
31513
31519
31519
31529
31537
31538
31539
31546
31546
31554
31554
31555
31559
31561
31564
31565
31565
31568
31571
31573
31574
31575
31584
31591
31592
31593
31595
31599
31604
31609
31609
31614
31614
31614
31623
31625
31625
31626
31628
31629
31630
31637
31638
31641
31646
31647
31650
31653
31655
31659
31661
31661
31666
31669
31674
31679
31679
31681
31693
31693
31697
31697
31700
31700
31705
31710
31711
31715
31720
31721
31722
31724
31728
31731
31731
31735
31736
31737
31738
31739
31740
31741
31741
31749
31750
31755
31761
31762
31763
31765
31767
31770
31772
31778
31783
31786
31788
31796
31809
31813
31816
31817
31823
31824
31830
31835
31842
31847
31848
31850
31851
31853
31855
31858
31858
31861
31863
31871
31872
31873
31885
31886
31887
31889
31891
31891
31891
31896
31902
31906
31908
31912
31913
31914
31918
31926
31926
31933
31943
31943
31943
31948
31952
31952
31954
31954
31959
31962
31965
31968
31977
31979
31980
31985
31987
31993
31994
31996
31997
31997
32001
32004
32011
32011
32012
32013
32016
32017
32019
32022
32027
32029
32032
32042
32046
32047
32048
32057
32061
32061
32074
32076
32077
32081
32082
32084
32086
32089
32089
32090
32093
32100
32101
32104
32106
32107
32108
32111
32111
32117
32119
32119
32121
32125
32129
32130
32134
32137
32137
32138
32151
32159
32159
32160
32171
32178
32180
32184
32184
32188
32194
32199
32199
32203
32204
32207
32210
32211
32211
32215
32221
32223
32224
32224
32224
32225
32226
32228
32259
32260
32266
32267
32268
32273
32273
32276
32279
32280
32280
32282
32287
32290
32292
32296
32299
32305
32306
32310
32312
32317
32323
32325
32329
32335
32335
32338
32339
32339
32344
32350
32351
32354
32361
32364
32367
32368
32372
32373
32375
32375
32379
32382
32383
32394
32405
32407
32416
32428
32434
32434
32441
32442
32443
32447
32448
32450
32456
32461
32463
32466
32468
32472
32476
32479
32480
32482
32484
32488
32493
32494
32498
32500
32503
32504
32514
32519
32521
32524
32528
32528
32531
32534
32536
32537
32550
32553
32557
32557
32560
32562
32564
32571
32575
32576
32587
32589
32592
32593
32594
32595
32595
32598
32602
32603
32604
32604
32604
32605
32606
32608
32609
32610
32615
32616
32617
32619
32623
32623
32629
32631
32632
32633
32636
32636
32637
32637
32638
32643
32649
32652
32654
32654
32659
32660
32660
32661
32666
32666
32672
32672
32686
32690
32700
32703
32714
32718
32719
32721
32723
32727
32729
32731
32733
32740
32741
32741
32745
32746
32748
32750
32750
32756
32759
32766
